 3 4 5 5 6 6 9 4 3 5 5 5 6 9 9 9 5 A 8 D 6 8 4 7 5 6 7 C 9 A 4 4 6 B 8 9 4 4 3 6 4 3 2 7 7 8 5 3 4 4 8 7 B 8 9 8 6 5 5 6 6 9 8 7 3 4 3 6 3 4 2 6 4 A 7 B 8 5 2 3 6 7 6 7 9 A 7 9 5 7 2 5 3 5 4 5 5 8 6 5
 4 8 5 7 7 7 6 3 1 1 1 3 6 7 8 8 6 8 8 C 7 8 4 4 2 3 1 7 5 7 1 3 5 9 7 6 3 5 5 2 3 2 3 5 6 6 6 8 7 6 7 5 5 8 9 7 8 6 7 4 2 5 5 8 8 7 5 3 2 4 7 B 9 C 7 8 5 2 3 6 5 5 2 5 6 B 8 8 5 9 5 8 5 6 3 5 4 8 5 7
 3 7 5 6 5 A 8 6 1 1 2 2 5 9 A 7 5 9 9 B 9 9 5 7 4 7 6 A 5 7 2 7 9 9 7 6 6 6 5 3 3 3 5 7 8 8 4 5 1 4 3 7 5 5 2 5 7 6 8 7 6 8 9 7 7 6 6 4 4 . 4 5 8 9 A 7 8 6 3 8 9 A 6 7 6 7 6 6 6 6 5 7 5 4 3 6 7 F 9 B
 4 7 4 6 6 6 2 3 2 3 5 6 8 7 6 8 5 7 4 9 8 7 7 7 4 8 6 7 6 8 6 9 5 4 5 5 7 6 6 4 3 5 5 4 4 6 5 6 2 5 4 6 1 6 4 4 2 5 5 7 6 5 5 9 B A C 7 8 4 5 3 9 8 B 8 6 5 4 5 6 7 8 7 9 8 7 6 6 4 5 6 8 8 6 7 6 A 6 9
 7 9 8 8 4 6 6 7 6 6 8 8 9 C C A 5 9 7 8 6 4 6 5 9 C C B 7 6 6 7 7 6 7 4 8 7 7 6 4 3 5 5 5 4 5 4 3 3 3 6 3 4 2 6 5 5 7 8 9 9 7 5 6 9 8 7 7 3 2 3 6 9 8 8 6 3 5 7 A 9 7 8 A 7 8 2 3 2 4 6 7 4 7 7 8 9 6 8
 5 8 9 7 8 6 3 5 6 A A A A A B B A A 8 5 5 3 5 4 5 7 9 9 8 8 6 6 5 2 7 5 6 5 7 8 8 6 6 2 2 4 5 4 5 4 7 3 4 4 5 4 4 4 6 4 7 2 3 6 7 8 9 A 7 5 4 4 3 9 6 7 3 5 5 5 3 6 8 9 A 7 9 2 3 4 6 6 7 5 7 4 6 3 4 4
 8 7 9 7 A 7 7 7 7 B C B 8 A A A B 9 A 7 5 1 5 7 8 A B B 8 6 4 3 3 5 8 5 7 6 8 6 9 5 8 6 4 4 4 4 6 4 8 4 6 3 6 7 A 7 5 3 6 5 5 5 5 9 8 8 B 7 8 6 7 7 3 5 2 4 3 7 5 5 3 5 C 9 A 4 5 5 7 7 7 5 6 4 5 4 5 6
 5 8 8 8 A 9 8 4 3 6 7 6 5 7 6 A 7 7 8 4 5 7 8 6 4 5 4 7 B 8 4 2 2 2 5 6 5 5 7 4 8 6 B 6 7 6 6 4 4 5 8 6 5 2 4 2 3 4 5 3 6 3 4 4 3 5 7 7 8 6 9 8 6 7 6 7 5 4 5 6 3 5 5 7 8 9 A 4 5 3 8 6 7 3 4 3 2 6 4 7
 4 7 5 9 D A 7 6 7 8 A 6 6 6 4 7 3 5 3 5 4 7 6 8 8 6 9 8 7 5 7 5 6 6 5 8 6 7 5 7 A 8 B 6 B 8 8 6 5 8 9 6 9 6 8 6 8 5 6 1 8 5 9 7 6 5 6 6 8 7 5 A 5 7 2 6 6 7 6 4 4 7 2 6 7 9 A A 9 7 9 3 8 6 4 4 4 6 5 7
 5 7 9 A B 8 9 6 6 3 8 5 8 5 3 5 4 6 6 7 4 7 5 7 9 7 9 6 A 9 6 3 5 6 6 A 4 6 3 3 5 4 8 3 8 8 9 8 3 5 A 8 A 7 8 3 4 1 7 5 8 5 6 5 5 5 4 1 2 2 2 6 2 7 4 8 6 7 6 7 5 8 5 6 6 8 8 9 6 5 6 2 6 4 5 4 4 3 7 6
 5 5 A A 9 6 6 4 A 6 9 7 9 8 4 3 3 3 4 4 6 7 5 7 7 8 6 7 6 5 8 7 7 9 6 B 7 8 5 5 8 6 7 4 4 8 8 9 6 7 6 8 7 7 8 8 7 5 4 4 4 6 5 8 6 5 7 5 4 2 4 6 7 8 4 6 6 A 5 6 5 5 6 6 7 7 5 8 6 7 5 3 6 4 6 4 7 7 6 2
 6 3 7 8 7 3 5 5 9 7 A B 9 7 6 6 5 8 9 A 9 8 7 A 9 B 9 8 7 7 7 3 3 5 5 C A 7 5 . 4 5 5 4 4 8 8 9 5 8 6 7 8 B 9 6 1 3 3 5 3 4 2 5 5 8 8 6 7 3 5 3 5 7 7 B 7 7 6 8 5 6 4 5 6 7 5 7 4 6 3 2 3 2 3 4 3 3 7 5
 6 6 9 7 6 2 2 3 6 8 A 8 A 8 7 5 5 6 4 5 8 9 B 8 B 7 7 3 4 4 4 5 3 2 4 6 B 8 8 2 5 3 8 3 7 6 8 9 7 7 8 8 6 4 4 6 6 4 3 1 3 4 4 4 4 9 B A A 3 6 5 6 9 9 9 9 9 6 6 4 5 2 4 4 6 3 5 5 9 5 6 5 5 4 3 6 8 9 5
 7 7 6 6 6 4 4 4 8 A A 8 A 7 9 5 6 5 7 7 8 5 A 7 D B B 7 5 5 5 4 4 3 3 6 A 8 8 3 7 4 7 3 A 7 9 5 6 7 8 7 8 8 6 5 7 5 6 3 5 5 6 8 9 9 C 8 A 7 8 6 7 6 9 7 9 7 7 9 8 5 4 4 4 7 5 9 6 8 5 6 4 3 5 1 3 4 9 C
 7 8 3 8 8 5 4 4 6 7 8 6 6 5 8 5 5 4 4 5 8 7 8 8 A B 8 8 5 2 5 5 4 3 3 5 5 6 5 3 6 4 5 2 6 5 8 5 4 6 9 8 6 4 2 5 7 9 9 5 6 6 7 6 7 8 B 6 A 5 8 6 9 4 8 5 7 7 5 4 5 5 9 8 5 7 2 5 4 7 6 6 8 4 8 2 5 7 9 C
 8 6 3 5 6 8 6 7 6 7 4 2 5 5 4 4 5 6 5 7 6 5 3 6 5 9 7 8 8 7 5 5 7 8 4 5 4 5 5 5 7 3 5 3 8 7 6 4 4 7 7 A 7 6 5 A C C 9 6 7 7 8 7 7 8 7 3 7 4 A 7 9 5 5 3 6 5 4 5 6 7 8 9 6 6 3 4 3 4 7 5 9 5 A 4 6 5 9 C
 7 3 3 4 A 8 8 8 6 7 5 2 3 2 5 7 4 6 3 9 7 A 7 6 3 4 5 9 8 8 6 7 6 7 4 4 1 1 1 3 6 4 4 2 6 5 6 4 1 6 7 8 5 4 4 6 9 B C 8 6 7 5 4 4 2 5 5 6 4 5 6 6 4 3 4 3 4 2 3 3 8 8 9 8 7 4 3 2 2 6 6 8 4 8 5 8 3 8 8
 7 5 6 3 8 4 6 4 5 3 4 1 2 2 4 5 4 7 3 5 5 6 5 3 3 2 2 8 8 8 6 3 6 4 6 5 3 3 3 7 6 7 4 4 8 7 5 4 6 9 B A A 7 7 7 B A 9 6 6 7 9 6 5 5 5 6 3 4 1 2 3 5 3 4 4 6 4 6 5 6 5 7 7 6 4 4 2 5 7 9 9 A A 5 6 4 9 8
 7 6 7 5 9 7 8 4 4 4 4 2 2 3 2 5 6 5 4 1 3 5 A 6 4 1 2 6 6 9 7 5 5 5 8 5 4 4 2 8 6 6 3 2 4 4 5 4 4 4 7 5 5 5 6 6 9 9 B 8 6 9 A 9 7 6 3 7 5 8 5 4 4 6 4 4 2 2 6 8 A 9 7 5 5 7 8 6 5 6 5 B 9 A 9 9 6 7 5 A
 5 7 A 4 7 4 6 6 4 4 6 5 2 5 4 7 5 4 3 . 4 8 A 7 5 2 3 5 4 7 4 6 2 3 5 7 9 9 6 B 8 9 5 4 4 5 5 5 9 6 7 5 5 6 4 3 6 5 5 5 5 9 9 8 7 5 4 4 4 4 2 2 2 7 6 8 4 5 8 9 C A 8 7 5 4 6 4 4 6 5 9 9 A 7 7 3 8 3 7
 5 4 9 5 9 8 7 4 4 3 4 5 3 4 1 8 6 8 4 2 3 6 9 7 5 5 5 6 6 8 7 5 4 3 7 9 9 8 6 8 4 7 3 6 5 6 6 2 5 1 3 3 3 6 6 8 6 7 7 8 8 7 9 8 8 6 4 1 3 5 4 2 1 6 6 9 2 4 8 C F F 9 5 1 2 4 5 4 5 5 A 9 B 8 9 6 9 5 6
 3 4 6 4 4 4 8 9 9 7 9 7 6 5 5 8 6 8 3 2 3 6 7 7 5 4 5 9 6 6 7 3 3 1 4 7 8 C 9 B 7 7 6 8 6 5 6 3 5 4 7 7 5 6 1 4 . 5 6 9 9 9 6 6 9 7 7 6 4 4 3 4 4 5 5 8 7 7 7 B D C A 7 2 2 3 6 6 8 5 7 4 6 4 7 4 9 2 3
 4 4 7 6 6 5 6 6 6 2 7 6 9 3 3 5 6 7 6 7 6 6 8 5 6 6 7 9 8 7 5 3 4 4 3 8 7 A 5 4 5 6 6 8 8 7 6 4 6 6 6 7 8 7 6 6 6 9 9 C 8 7 6 8 A A 9 8 4 3 3 3 5 7 7 6 5 7 9 A E B B 6 5 5 6 7 6 A 6 8 8 9 6 6 4 9 4 4
 4 4 7 3 4 7 9 8 8 4 8 8 B 8 5 5 4 6 4 5 7 5 8 4 7 3 6 4 6 5 4 5 3 7 5 6 4 6 8 7 8 6 9 6 8 A 6 9 8 9 B 8 9 5 6 . 6 7 9 B 8 A 9 7 A B B 9 9 6 6 7 7 7 5 8 8 8 9 8 9 B B 6 8 5 5 9 A E 7 7 7 9 9 8 9 8 7 4
 6 7 5 5 5 4 6 8 5 2 5 7 B 7 5 6 5 6 4 7 9 A B 5 8 5 6 5 5 5 2 7 6 8 2 3 4 5 6 5 9 5 6 5 5 7 7 A 8 7 7 2 8 6 9 4 8 7 8 6 4 5 4 7 8 6 A 7 9 5 6 7 7 B 7 9 5 8 5 8 8 9 7 7 6 5 6 7 6 8 7 9 9 A 6 5 7 8 8 4
 3 6 7 6 5 6 7 5 3 4 7 7 C 6 7 7 6 5 3 6 A 8 7 4 4 4 5 7 6 6 4 6 3 7 3 2 1 1 7 8 9 8 5 7 9 9 9 7 A 8 7 5 8 6 8 7 8 6 8 5 5 8 7 6 4 7 9 8 8 B 7 7 8 8 6 8 3 7 6 8 A C 7 5 3 3 3 6 9 9 7 5 7 9 5 6 7 6 6 5
 3 8 5 5 6 4 5 5 6 2 7 4 9 5 7 6 6 6 5 4 8 6 6 3 2 3 5 5 7 6 6 6 4 5 2 4 5 5 9 8 A 8 6 6 7 5 8 7 9 7 6 1 4 6 6 5 5 6 8 6 5 2 2 4 7 7 7 B 8 C 7 A 9 A C 8 4 2 3 5 9 9 6 5 3 3 2 3 5 6 A 8 8 4 3 3 4 4 3 4
 3 8 8 C 9 7 9 6 6 4 6 3 9 3 7 6 7 5 3 6 8 6 2 1 . . 5 7 A 5 6 5 7 5 1 4 2 4 A 9 B 5 6 5 8 5 7 7 7 5 6 5 7 8 A B A B A 7 5 3 6 6 6 4 8 7 9 A 5 8 7 A 8 4 2 . 2 5 A 9 8 7 5 6 4 4 7 9 B 8 7 2 4 3 2 3 4 6
 5 7 5 8 9 A 8 8 4 5 5 5 7 4 A 8 6 6 4 7 3 7 5 7 4 4 7 7 8 6 8 6 6 5 4 5 4 8 8 9 8 7 8 7 7 7 7 A 8 6 6 5 6 6 6 5 6 8 A 9 6 3 2 4 7 7 8 9 A 9 9 9 5 9 6 8 5 3 3 3 7 6 A 9 9 A 6 3 3 6 A A A 7 7 7 8 8 5 6
 4 3 6 A 8 A 7 A 7 A 4 4 5 8 A 9 7 4 1 6 5 B 6 8 4 7 5 7 6 5 6 A 9 8 4 4 3 6 4 B 7 8 6 6 6 7 4 5 4 4 6 5 9 9 9 9 8 8 B 8 3 3 3 5 2 5 3 9 9 D 8 8 6 8 4 8 5 6 6 1 5 4 5 5 8 6 5 5 4 5 9 9 7 4 8 6 7 8 8 9
 5 4 3 4 4 7 4 9 7 A 5 5 5 6 9 9 8 8 5 8 7 B 8 B 5 A 7 8 5 8 6 8 5 5 6 6 4 7 4 9 8 8 B 8 7 6 6 8 9 5 9 6 8 8 5 6 5 6 6 6 6 4 3 5 6 8 6 9 7 A 9 A 5 7 4 9 8 8 8 3 5 4 7 5 6 5 6 3 4 5 6 7 A 7 8 6 A 9 7 7
 3 2 2 3 5 7 8 9 8 8 5 2 6 6 A 7 4 5 1 6 7 B 9 9 8 8 3 5 4 8 6 8 7 5 8 7 7 6 4 8 C 8 A 7 A 6 4 6 A 6 9 7 7 9 7 9 7 7 7 3 4 4 7 6 5 4 6 5 7 A 9 7 5 6 8 9 8 6 6 6 7 4 6 3 5 3 5 5 8 6 7 5 4 5 6 7 8 9 5 6
 5 6 6 5 6 6 9 9 9 5 4 3 7 6 9 5 5 8 5 8 7 8 A 6 6 5 4 4 3 7 6 6 6 6 8 5 7 5 8 8 A 9 9 6 5 4 8 7 B 9 A 7 6 A 7 C 9 6 6 3 6 6 9 7 7 5 3 4 5 6 5 5 6 7 A 6 7 4 5 6 6 9 6 5 8 4 5 3 6 6 7 5 6 8 4 7 7 9 9 7
 6 3 7 6 6 8 9 8 7 4 3 7 8 6 6 4 6 7 4 8 7 7 8 7 B 8 5 6 7 9 7 6 5 9 9 A 9 5 6 8 A 9 4 7 8 6 7 4 9 5 5 6 6 8 7 A 7 6 4 . 5 5 8 5 3 3 3 4 3 7 8 8 6 7 B 6 5 1 4 9 6 7 6 8 C 7 9 7 C A 8 5 3 5 6 6 9 8 9 7
 6 4 8 7 9 6 7 6 4 6 6 7 7 8 8 6 6 5 7 A 7 9 7 8 7 5 3 5 4 6 6 9 9 A 8 7 6 5 5 7 7 9 5 4 3 4 5 4 7 9 7 4 2 4 9 8 6 3 5 4 7 3 6 3 3 2 1 2 4 5 6 7 7 8 9 7 6 2 4 4 6 5 7 7 A 6 9 5 A 8 8 6 6 6 7 2 5 6 8 6
 5 2 6 5 9 3 5 4 5 7 4 8 9 6 6 3 6 8 9 8 5 6 1 6 6 A A 7 8 6 7 6 8 A C A A 4 3 4 5 6 3 2 4 4 4 5 5 7 3 2 2 4 5 4 5 3 6 2 5 2 4 . 2 2 3 2 3 5 A 9 A B A 9 8 3 4 4 4 4 7 7 8 6 6 5 A 6 9 6 8 4 4 3 2 3 7 6
 5 2 5 2 6 4 5 3 4 5 5 4 3 7 9 A 8 7 5 9 5 5 4 6 6 5 9 6 7 1 4 5 5 6 5 3 5 3 4 4 6 5 4 . 1 2 2 4 8 8 9 6 4 6 8 9 9 6 5 4 6 5 7 4 3 3 2 4 5 4 5 5 4 5 5 9 9 7 6 6 8 9 6 6 4 4 5 6 6 4 8 6 7 6 6 4 2 2 3 3
 7 2 5 3 7 7 4 2 5 6 6 4 3 7 6 9 7 A 6 7 3 3 4 1 4 7 B A 9 5 4 4 5 9 9 6 5 6 6 6 8 5 7 4 5 5 5 4 9 6 9 5 4 6 3 5 5 5 6 4 6 6 7 7 2 4 3 6 5 9 7 9 9 A 9 B A 9 8 7 8 A 9 6 3 3 . 3 2 4 8 6 7 6 5 3 2 3 5 6
 7 5 4 2 4 4 5 2 5 7 5 3 . 3 5 9 6 7 6 4 5 5 7 6 3 6 8 B 9 7 5 4 4 3 4 4 5 5 8 4 6 5 8 8 7 4 5 2 8 4 9 9 6 6 5 7 6 3 5 2 7 7 8 9 5 5 4 9 8 A 7 9 6 4 4 6 B B 8 A B D 9 6 2 4 5 6 5 4 7 6 6 4 6 7 5 6 7 6
 5 4 3 5 8 6 8 5 5 6 6 6 3 4 3 4 4 4 4 4 5 5 7 6 3 4 4 9 6 6 8 3 5 7 7 6 6 6 B 8 8 7 9 9 A A 9 3 6 4 7 4 4 2 1 . 1 . 4 2 6 6 9 B 8 7 6 6 7 B A B 8 7 7 8 8 6 8 7 8 9 7 7 3 3 3 1 3 5 8 5 5 7 7 5 3 3 7 9
 5 6 6 5 5 6 4 3 6 7 5 5 3 6 6 4 3 3 3 1 2 4 7 7 6 4 2 4 4 4 5 2 3 3 3 6 4 5 4 4 5 5 7 8 9 6 8 7 7 6 9 8 5 1 3 3 3 . 4 4 5 2 5 6 7 8 7 8 8 8 7 9 3 2 2 4 8 7 6 3 7 7 5 3 1 3 8 7 6 4 6 7 6 5 4 5 5 7 9 5
 4 2 3 6 3 6 7 7 6 6 8 A A 8 6 6 5 5 5 4 3 3 8 8 6 3 1 . 1 1 2 1 3 5 6 4 2 3 6 9 8 8 8 7 B B D 8 8 6 7 7 4 3 3 1 3 . 3 1 6 5 8 8 9 8 9 5 5 8 6 6 2 2 4 6 5 5 4 4 4 2 4 2 4 5 7 4 6 4 A 7 7 7 5 3 2 3 7 6
 3 3 3 5 5 8 6 5 8 8 A 8 7 8 8 7 5 7 3 5 7 5 6 5 7 5 5 4 4 1 3 3 5 3 5 6 5 4 4 6 7 5 6 4 8 8 B 7 A 8 A 9 4 3 4 5 6 4 6 5 8 4 8 7 8 9 8 A 8 5 4 4 3 5 6 5 8 9 7 5 3 3 5 2 5 6 C 6 7 5 7 7 A 7 6 3 2 5 5 4
 3 . 1 3 5 7 9 4 7 7 9 A 7 6 6 8 6 7 6 7 9 8 A 6 4 6 5 3 5 2 6 4 6 7 9 6 4 4 2 7 6 6 6 8 C 9 B 8 A 7 8 8 6 4 3 6 7 8 5 4 7 5 A 9 8 C 7 8 3 6 5 5 7 8 7 8 7 7 6 4 3 4 3 4 8 8 A 6 4 3 6 8 8 B 7 5 2 3 6 4
 5 5 6 6 9 7 B 7 6 7 6 6 3 4 4 5 2 3 3 3 9 6 6 5 4 5 6 8 7 6 8 6 7 4 7 9 A 6 2 5 4 6 3 4 7 9 A 6 5 8 7 A 5 6 6 A B A 9 4 6 7 9 8 6 9 7 C 8 7 3 5 5 A 8 A 8 A 9 7 2 4 5 5 8 8 7 5 3 3 4 5 4 9 6 7 6 3 4 3
 3 5 4 5 8 8 7 4 5 6 5 5 2 3 3 7 5 4 4 6 A 9 A 4 4 3 2 6 5 A 9 B 7 7 8 7 4 3 1 4 4 6 6 7 6 8 8 8 5 6 5 C 9 A 5 7 C A A 6 6 4 5 5 5 A 8 A 5 7 5 8 5 A 7 7 6 5 2 5 2 5 5 4 5 6 4 5 4 4 2 4 5 7 6 5 4 3 3 4
 7 9 6 9 5 9 9 9 8 7 8 5 3 3 3 3 . 2 3 3 6 4 8 5 5 3 5 9 7 C 9 A 5 8 5 9 6 4 . 4 5 9 5 5 5 A 9 8 4 5 8 C B B 9 8 8 7 A 6 7 7 5 5 5 6 6 A 7 B 5 8 5 9 9 8 7 4 3 4 3 8 8 A 6 5 5 8 6 8 5 5 3 4 4 5 5 3 3 7
 6 7 1 7 4 9 4 6 7 9 7 5 4 1 3 2 4 5 6 6 A 9 A 6 6 6 4 5 6 7 6 9 5 8 6 8 5 6 3 3 2 5 4 5 5 8 6 7 4 4 6 6 9 9 6 5 6 4 8 7 9 A 6 7 6 7 5 5 5 A A A 9 7 8 3 3 . . 3 7 A 9 6 2 3 3 7 8 5 2 4 3 8 6 6 6 6 7 8
 8 8 3 7 4 8 5 7 5 6 5 4 6 4 7 2 4 2 4 4 3 4 5 9 6 8 6 6 4 4 5 6 5 7 3 7 6 6 5 2 3 4 4 5 4 9 6 6 6 7 C A 9 7 7 4 5 5 6 7 5 6 4 7 3 4 3 5 8 8 8 6 8 4 8 4 4 2 4 5 8 9 C 8 7 6 A 9 9 8 6 7 5 7 5 7 7 6 8 9
 B 6 5 5 3 6 3 3 4 4 5 2 7 4 8 1 5 5 4 5 4 8 6 9 6 A 4 4 4 3 4 2 1 4 2 6 8 8 6 4 5 5 7 8 6 A 6 7 7 5 7 4 5 7 7 7 6 7 5 6 4 8 6 6 3 4 4 5 8 D A 8 5 3 4 1 3 2 6 6 A 6 9 5 8 4 6 5 7 7 3 6 2 6 8 8 B 7 A 9
 7 5 5 4 8 9 8 8 7 4 5 3 8 7 A 7 7 5 6 5 1 4 2 7 7 7 6 5 5 2 6 7 7 4 . 2 4 8 6 3 6 7 9 8 8 A 8 6 7 4 9 A 9 8 4 4 5 6 5 6 4 8 4 4 1 1 3 7 6 9 7 8 2 1 3 2 4 3 6 6 8 5 5 7 A B A 7 3 9 6 A 5 5 7 5 7 6 8 5
 8 5 7 5 6 7 A 9 7 7 5 7 8 B A 8 7 6 6 5 3 4 4 6 A 8 9 3 5 4 6 5 4 3 . 2 5 6 7 6 7 9 B C A B D 8 8 4 7 6 8 7 7 5 6 7 6 5 2 7 6 7 5 5 6 6 8 B 9 8 5 4 4 3 3 2 4 7 5 6 3 7 7 A 5 8 4 8 3 5 2 4 4 6 6 6 5 8
 5 4 6 3 6 9 A C 9 9 3 7 4 9 A A 8 A 6 6 2 2 6 9 A 8 8 7 6 4 4 6 6 6 5 4 6 7 6 6 3 7 4 8 7 A A A 7 6 8 8 A 6 7 4 3 2 1 3 4 8 6 5 4 2 5 1 5 7 9 7 3 5 4 6 4 2 3 7 6 7 2 4 5 A 4 8 2 6 3 4 4 6 6 7 4 9 4 7
 2 7 6 6 5 8 9 C 8 9 4 6 4 8 6 B 6 9 6 5 5 6 9 B 9 8 4 4 3 4 4 3 3 5 5 6 7 8 7 9 6 7 6 7 7 9 7 A 7 A 7 8 9 9 9 8 7 5 3 1 2 5 6 7 7 4 5 3 6 5 6 5 2 7 5 6 3 3 3 8 6 9 4 6 3 7 3 7 2 4 . . 2 1 4 7 4 9 4 7
 3 6 2 4 2 4 6 7 4 7 4 4 2 5 6 9 5 7 7 6 8 7 9 A 9 7 5 6 7 4 5 3 5 7 7 9 6 6 9 7 8 3 4 2 4 7 8 9 8 A 9 9 6 8 9 9 6 5 3 2 2 3 5 4 3 3 2 2 6 9 6 3 1 7 6 9 6 7 6 8 7 A 4 7 3 6 1 3 2 2 . . 4 5 7 4 4 6 1 5
 5 8 9 8 8 9 8 6 4 6 3 4 5 4 8 5 6 7 4 7 6 7 A 8 5 3 2 3 6 4 5 1 4 6 8 9 9 6 9 7 A 5 4 4 5 5 5 5 7 5 6 8 9 8 8 7 7 8 5 4 4 5 5 5 4 4 4 4 2 5 6 5 4 7 8 B 5 6 8 8 9 9 7 9 4 4 4 4 3 1 1 1 5 2 6 4 4 4 2 4
 7 9 A 6 6 3 2 2 1 5 6 4 7 7 C A 6 6 2 7 7 6 7 4 7 4 3 4 3 4 6 6 7 5 4 5 5 6 9 7 7 5 3 3 4 6 9 7 7 7 8 6 5 7 8 7 9 7 A 5 6 5 6 5 5 4 5 8 8 9 6 3 5 8 B B 8 7 6 7 8 B 8 6 4 3 6 5 6 4 2 1 5 2 5 2 3 3 3 4
 7 8 A 6 7 6 5 3 1 2 2 5 7 8 8 7 4 5 3 4 4 6 B 7 7 2 1 4 4 5 2 4 4 6 4 7 7 9 6 A 6 7 4 5 5 6 4 4 5 6 8 8 7 4 4 6 7 6 9 5 8 2 5 2 6 7 B 7 5 6 5 4 4 5 A 9 7 4 6 7 7 8 8 A 5 3 8 A 9 8 3 4 5 5 8 4 8 4 6 4
 4 4 6 6 6 6 3 3 1 4 5 8 6 A 8 8 8 6 6 5 6 6 6 5 4 2 . 2 . 4 5 9 4 4 2 5 4 A 5 9 2 7 5 8 5 7 8 9 8 7 8 7 8 8 7 8 5 7 9 4 9 5 8 6 8 6 7 7 7 3 3 1 1 3 8 5 5 1 4 4 6 8 8 B 6 9 8 9 8 9 3 5 6 6 A 6 A 6 7 5
 1 3 4 5 3 6 4 7 6 7 6 8 7 8 6 4 8 9 A 9 7 7 8 8 6 5 3 4 3 5 3 6 3 5 4 5 4 8 3 9 4 6 4 5 7 8 7 9 7 A D B 8 6 1 4 4 4 9 6 9 2 6 5 7 A 7 5 6 4 6 4 6 4 6 3 4 3 6 4 3 4 6 D 9 A 6 A 8 7 8 8 6 7 A 6 6 6 3 3
 4 3 4 7 7 A B 8 6 6 7 9 B 7 7 7 8 B 9 7 7 4 5 4 4 6 2 3 6 7 6 7 6 9 8 A 8 7 4 5 2 4 4 3 5 A C C 8 5 5 7 7 5 3 2 2 4 5 5 A 5 7 5 5 5 5 3 5 . 6 4 8 5 9 5 7 6 7 7 5 4 7 9 8 C 7 6 3 7 6 8 9 9 7 6 4 3 4 4
 6 5 8 6 9 7 A 9 D C A 9 8 8 A 9 7 9 7 7 8 5 7 7 5 6 4 4 4 5 5 6 6 A A 7 8 6 7 7 6 4 2 3 5 9 A 9 8 6 7 7 8 6 5 2 2 3 7 B 9 6 6 5 6 5 6 3 7 4 A 6 C 5 7 3 6 5 9 5 6 4 6 9 6 8 4 7 3 8 6 A 5 7 8 4 3 1 3 .
 9 3 7 4 9 9 D 6 7 4 4 7 4 7 5 5 5 5 5 4 6 8 6 6 5 6 5 6 7 8 4 6 9 B E 8 C 7 6 6 5 7 5 4 4 A 9 8 7 2 5 4 5 4 5 1 3 2 2 6 8 9 7 3 5 4 3 4 5 2 9 6 B 8 A 7 8 4 9 5 8 5 4 8 6 A 5 5 1 8 5 A 7 8 8 6 7 3 8 5
 A 4 9 8 D B D 9 A 8 5 5 2 4 5 5 3 2 4 5 6 4 4 4 2 4 3 7 3 6 4 4 8 8 A 8 8 9 8 7 5 5 3 3 5 6 5 4 8 6 A 8 C A A 7 6 4 4 7 7 6 6 7 6 6 4 3 3 3 7 6 8 5 6 2 5 4 6 4 5 5 5 7 7 A 7 7 5 7 6 A 5 A B A A 4 7 3
 B 5 A 7 B A B 7 5 6 4 4 1 2 3 3 2 3 5 5 8 7 6 3 2 6 7 C 6 9 6 8 A A 9 A 5 7 2 6 7 6 7 4 6 4 7 5 6 5 9 8 A 8 9 7 9 6 4 4 4 8 5 7 3 6 2 3 3 4 6 6 A 6 7 4 5 6 8 7 5 1 2 7 9 A 8 4 4 7 9 B 7 8 6 A 9 8 A 6
 8 7 A 9 F B D 9 7 6 4 5 2 3 2 5 4 3 4 4 3 3 3 3 3 5 3 6 4 6 5 7 9 8 8 8 6 A 6 9 6 6 5 2 7 5 6 5 7 7 7 8 8 8 9 8 9 7 6 7 3 6 4 7 4 5 2 5 4 6 8 5 5 5 5 4 5 6 7 6 5 3 2 6 8 9 A 8 8 6 5 9 9 A 7 A 6 7 8 5
 6 4 A 7 B 7 8 3 3 4 6 8 5 7 6 5 4 1 2 2 3 4 2 6 3 6 4 7 5 7 8 8 C 7 A 7 6 6 3 8 8 8 6 7 8 7 7 4 4 5 3 7 7 9 7 8 8 A 7 7 4 6 4 5 6 7 4 5 6 7 8 5 4 4 3 4 6 8 9 8 2 3 2 5 6 5 6 4 5 6 7 9 6 6 4 5 6 9 8 7
 4 3 7 7 B 8 8 5 5 5 8 7 8 6 5 5 6 4 4 3 3 3 3 7 6 8 5 6 3 7 5 6 8 4 9 5 A 8 9 B A 8 4 4 6 8 9 9 6 6 4 7 6 7 6 6 4 5 6 6 4 6 5 9 7 8 8 9 A 9 B 5 4 4 5 4 6 4 6 5 3 4 2 6 4 5 5 6 8 6 5 5 7 8 5 5 6 8 6 5
 4 5 5 6 6 5 5 1 5 6 9 9 D A C 7 6 4 6 5 3 3 2 3 7 5 3 5 4 6 4 3 6 5 8 4 6 2 6 5 7 5 4 6 A 9 8 8 7 6 3 5 9 7 5 4 3 4 3 5 4 8 6 9 A A 8 5 5 7 7 4 3 1 4 4 7 6 8 5 5 6 5 6 4 6 4 5 4 7 8 5 5 5 5 5 5 9 A 7
 6 6 5 7 7 3 6 5 A 9 D A A 8 9 4 9 5 9 8 8 5 3 4 6 7 7 5 4 3 4 5 7 6 7 7 7 6 7 5 7 3 3 3 6 8 C A 8 7 5 4 6 8 8 6 5 4 3 6 6 B 7 6 8 6 9 9 9 B 7 7 6 4 5 2 5 6 5 7 5 4 7 5 7 7 4 6 4 8 8 9 7 5 4 6 9 8 8 4
 8 7 8 4 3 3 5 4 9 8 8 8 B 9 9 6 8 5 8 4 5 2 1 3 5 5 4 . 1 2 3 4 3 7 5 7 3 2 3 2 5 3 4 3 7 8 7 A 9 6 4 1 3 3 3 3 4 2 5 6 8 B 9 7 7 5 5 3 2 6 7 8 6 4 5 3 4 3 5 7 8 7 8 5 7 9 6 7 3 5 6 8 6 9 7 6 5 6 9 7
 4 7 6 7 5 4 4 8 8 8 8 7 8 8 7 5 4 6 6 5 5 2 3 5 8 5 5 2 2 4 3 9 8 A 9 8 9 7 8 7 7 3 6 3 4 5 5 8 7 4 5 2 4 5 5 4 7 7 A 7 A C 8 7 5 4 4 3 5 9 A A 9 8 5 4 6 5 5 3 5 4 7 8 8 9 4 4 2 3 7 9 A 8 6 8 9 8 5 6
 9 9 7 8 7 6 5 6 7 8 6 5 8 7 7 7 6 6 1 3 5 4 4 3 8 6 4 3 3 7 4 7 5 6 7 4 8 4 7 5 9 7 A 3 4 2 4 5 9 8 6 2 1 3 2 3 4 4 5 4 6 8 9 A 4 4 2 2 3 7 8 A A 7 8 7 4 4 6 5 7 5 6 5 6 9 9 8 4 2 5 7 C 9 A 6 5 7 7 9
 5 3 6 5 7 6 5 4 6 7 6 6 9 6 A 7 6 5 3 4 3 4 7 9 9 6 3 4 3 7 5 8 6 8 7 6 B 8 B 6 9 6 9 4 4 . 2 5 6 7 6 6 4 6 3 7 5 7 5 4 6 9 9 9 8 5 1 3 2 8 8 B A 9 7 6 8 A 9 6 6 2 7 7 9 8 6 6 3 4 7 7 C 9 7 7 8 8 8 7
 7 5 5 6 9 7 3 4 7 7 7 3 4 5 9 6 9 4 3 2 5 9 8 B 8 6 2 3 5 8 4 7 8 7 6 4 6 5 6 3 4 5 8 6 4 . 1 5 9 D 8 7 2 6 5 7 2 5 4 5 5 4 A A 8 6 5 8 5 8 7 8 7 C 9 9 5 5 9 8 8 5 6 5 6 B 7 A 6 4 6 6 9 7 8 6 6 9 7 7
 3 2 1 2 4 7 8 8 8 8 7 4 4 4 4 4 6 3 7 4 5 7 9 B 8 8 4 3 6 6 A 9 8 7 6 5 7 6 3 4 4 6 5 3 3 2 3 4 8 9 7 6 3 6 4 6 5 8 5 5 8 7 A 8 7 8 3 4 5 8 6 8 7 8 7 8 4 6 8 6 5 5 4 B 6 A 3 7 4 6 6 5 7 6 7 5 8 6 6 4
 1 5 3 5 6 7 7 7 8 9 6 4 3 5 4 5 5 8 8 5 7 5 9 A 7 5 3 3 7 4 9 8 9 8 4 3 2 3 4 6 1 6 4 8 4 4 3 5 A 7 8 5 6 6 5 5 5 B B A 7 4 6 9 5 7 5 6 5 5 6 6 5 6 8 7 3 2 2 4 3 6 4 A 5 B 5 8 3 5 7 6 6 6 4 5 8 6 8 4
 3 6 1 4 2 6 5 7 8 6 8 7 5 5 2 2 1 5 6 6 6 3 7 5 7 6 8 5 6 6 9 7 6 3 1 2 4 7 4 6 2 6 2 7 3 7 6 5 5 5 6 5 6 5 5 7 7 9 9 8 8 7 4 5 2 6 4 5 4 6 8 4 4 3 6 8 7 5 2 4 3 5 5 9 5 8 4 6 4 4 6 8 6 7 5 4 6 6 6 5
 2 5 2 4 2 6 5 5 4 4 6 4 7 5 5 5 6 7 6 3 3 2 5 2 6 1 5 2 4 4 3 6 4 4 4 4 3 4 4 4 2 5 7 8 9 8 5 7 6 7 3 6 6 8 7 4 7 9 C B 8 6 4 6 7 9 9 8 5 5 7 7 6 3 5 6 5 6 3 6 4 3 6 6 7 9 8 A 6 5 8 8 8 6 4 5 7 7 A 6
 5 7 5 6 4 4 3 6 4 5 6 6 7 7 6 4 4 2 4 3 4 1 4 4 6 3 4 2 2 4 5 9 6 6 5 6 7 7 5 3 3 5 A 7 8 7 7 7 2 5 4 4 5 4 6 6 7 5 6 9 8 9 5 6 7 8 9 9 8 6 7 7 3 3 4 6 5 8 6 8 8 6 8 8 7 A 8 9 4 3 5 5 8 7 6 7 8 6 7 6
 8 7 6 6 3 6 8 7 5 4 3 5 8 7 8 8 7 7 6 1 4 3 3 1 1 2 2 2 1 3 4 6 6 7 9 6 5 6 2 5 6 7 B 9 B 9 4 6 6 5 5 2 6 4 6 5 6 6 9 A 9 A 8 9 A A B C 8 9 8 A A 9 7 9 6 7 6 C 8 6 4 6 7 B 9 A 8 8 8 6 4 3 6 6 5 7 8 8
 8 7 9 9 5 4 4 4 7 7 B 7 9 5 7 7 5 2 4 4 5 2 4 4 4 3 4 5 6 5 7 9 9 5 7 6 5 8 4 9 7 A D 9 5 4 4 4 3 3 6 4 7 4 6 5 9 4 5 5 8 8 8 5 6 3 6 7 5 6 5 7 9 A B 9 6 9 A B 8 8 6 7 A A 9 6 3 4 4 5 3 4 5 5 5 5 6 5
 8 8 6 9 4 6 5 7 6 4 8 6 8 4 6 3 7 6 5 3 4 7 7 4 4 4 5 5 8 4 7 2 4 4 4 4 4 8 4 9 5 A A A 9 5 3 2 5 6 8 A 8 6 5 6 9 7 7 6 6 7 5 6 7 6 7 5 6 6 7 8 A C D C C B D B 9 5 4 6 8 A 9 8 6 9 5 4 . 3 2 5 3 2 6 6
 5 9 7 8 2 5 . 4 2 6 A 7 7 3 5 6 8 4 4 3 4 5 5 8 4 5 6 6 B 4 8 5 8 5 5 3 1 7 4 8 5 A A A 6 3 4 4 4 3 6 8 8 9 6 A 7 5 4 4 7 8 6 7 3 2 4 3 6 5 6 6 7 8 8 8 7 B E 9 7 5 4 7 5 9 8 9 4 5 1 2 . 3 3 7 6 7 7 5
 C 9 7 8 5 5 2 6 4 5 6 6 6 5 3 7 9 9 9 5 5 7 7 8 2 5 6 4 A 6 8 4 7 7 8 6 5 8 5 6 5 6 7 A 7 9 9 5 6 5 7 7 7 6 7 B 9 A 7 4 4 3 6 5 8 6 7 3 7 5 7 6 8 7 6 4 5 8 9 8 6 3 4 5 6 8 A 9 9 7 4 2 1 4 6 9 7 6 6 8
 B 9 8 5 2 2 1 5 4 8 7 8 5 7 7 C A B 7 4 3 5 4 9 5 5 6 6 A 4 4 5 6 6 5 4 4 6 7 4 7 8 7 9 6 9 9 7 5 2 1 4 4 7 8 8 6 6 5 7 6 4 7 4 6 3 7 6 6 5 7 6 7 6 7 6 5 7 7 8 5 6 4 4 7 6 A 6 A 5 4 2 2 4 4 8 8 A B 9
 B 9 3 6 4 6 4 7 5 7 4 5 4 5 4 A A C 8 4 3 7 6 A 3 6 6 5 7 8 8 8 6 7 5 5 8 5 8 7 8 A 5 8 6 E D C 9 6 5 6 5 9 9 B 8 9 7 6 3 1 4 5 8 8 5 8 5 3 3 5 8 9 6 5 5 6 3 8 5 8 2 7 9 B A 6 7 6 7 4 3 9 7 9 7 5 8 A
 6 7 4 9 6 A 7 A 8 7 6 7 5 4 5 8 8 7 6 3 4 7 8 D 6 8 4 6 6 7 7 9 4 5 1 1 4 4 9 9 9 B 6 8 6 9 A 9 6 2 3 3 4 8 9 9 6 7 6 9 7 7 7 6 5 7 5 7 5 6 7 8 9 A A 9 9 6 5 8 7 A 6 8 8 B 8 7 6 5 4 4 3 8 5 8 6 7 8 8
 6 8 6 8 8 B A B 9 7 6 6 6 5 4 3 7 5 3 2 5 9 9 7 6 A 5 6 4 6 7 A 6 7 1 1 4 8 9 8 7 6 7 5 7 8 C D C 7 6 5 7 9 9 B C 9 9 7 7 7 8 9 7 4 4 4 7 6 6 6 6 6 5 5 5 3 3 4 5 7 8 7 8 9 8 5 5 4 3 6 6 8 4 7 3 6 5 7
 6 5 9 A C A A A A 9 9 9 C 6 6 5 7 7 4 4 6 7 7 5 5 7 7 9 5 7 6 8 6 8 6 7 6 6 8 9 7 4 6 2 4 4 6 8 6 5 5 2 2 5 8 D C A A 6 B A E 8 7 3 3 4 7 9 9 9 A 8 7 5 7 7 5 6 7 A 8 7 7 5 9 9 8 6 5 4 4 6 4 4 3 5 3 6
 9 8 B 6 8 5 7 7 8 9 8 8 B A B 8 7 7 5 7 6 8 7 6 5 8 6 9 7 7 4 7 4 9 4 7 7 B 9 4 3 1 3 4 5 6 A B 9 9 5 6 2 3 5 9 B B C 9 B 8 A 8 6 4 3 7 8 9 B 7 8 2 6 7 8 8 6 5 2 7 7 9 A 9 A C 9 6 5 4 7 5 6 4 3 3 5 4
 8 3 5 5 6 5 6 5 6 5 7 8 A B A 8 8 A 8 8 5 6 3 5 1 4 4 6 7 8 4 6 3 A 7 B 6 8 7 7 5 4 5 5 5 5 8 7 7 9 3 6 3 7 B A D 9 9 6 7 9 B B 5 4 2 5 8 9 8 5 7 3 6 5 A C A 9 6 4 7 9 9 B C D 9 8 4 3 4 2 6 5 5 3 5 4
 5 4 4 3 2 4 3 3 5 2 7 4 9 8 7 8 6 7 8 8 8 9 8 9 5 2 3 5 8 6 8 7 7 7 5 6 5 6 8 5 6 4 3 4 7 6 7 7 5 6 4 4 1 4 6 5 8 3 7 7 7 8 7 7 5 4 4 7 9 8 8 5 5 3 5 6 C C D 8 6 2 5 6 8 A 8 A A 8 4 4 4 4 6 6 4 3 3 1
 4 3 3 3 2 6 8 8 A 5 8 3 6 6 6 6 3 5 7 8 6 7 8 4 4 2 6 2 8 5 6 3 7 5 7 5 6 5 7 3 6 2 5 4 4 7 8 9 9 7 4 5 5 7 6 5 6 3 2 2 2 6 4 6 3 3 4 5 8 6 6 3 2 2 4 5 5 9 C A 8 6 9 9 8 6 5 8 5 5 5 5 5 7 5 5 5 5 5 3
 5 5 5 5 3 4 5 6 A 9 B 7 4 3 2 4 4 5 5 6 7 9 9 8 6 3 9 4 6 1 6 7 6 5 5 5 5 3 3 2 4 2 3 2 4 4 4 6 6 7 3 4 . 3 2 3 1 2 1 5 3 8 4 7 5 7 8 A A C 8 5 5 6 4 5 5 B B B 8 5 8 7 7 5 4 7 8 8 5 6 5 6 2 4 5 5 5 4
 7 A 9 9 7 5 8 B D B 7 5 6 8 8 6 4 4 5 6 5 8 5 5 5 6 8 8 7 4 3 5 5 5 4 8 9 6 3 4 6 4 4 1 4 5 8 C 7 9 2 6 4 5 . 2 2 5 4 8 3 8 3 7 3 6 6 8 8 A 8 6 4 4 5 5 4 8 9 9 9 7 C 8 8 5 5 5 6 5 5 7 7 C 8 8 5 8 6 5
 7 A 7 8 7 5 5 4 9 C B A 5 6 4 6 8 6 5 5 3 7 6 7 6 6 5 6 2 3 2 7 7 7 5 5 5 5 4 6 8 5 5 2 6 7 6 A 5 6 2 4 1 4 3 4 3 4 3 6 3 8 5 8 5 5 7 9 C C C A 9 A 7 5 3 7 9 9 6 4 6 5 9 8 7 7 6 7 6 7 7 6 6 9 6 8 5 7
 6 A 8 9 7 8 A 8 B 9 9 A 5 8 6 7 6 7 6 6 5 5 7 7 6 8 6 8 6 6 3 5 7 7 8 A 9 7 5 8 B 8 7 3 6 8 A 8 5 4 2 3 4 5 2 5 6 8 6 4 2 4 6 6 6 2 5 2 8 9 B A 7 7 5 8 9 B 9 A 7 8 7 6 3 4 3 3 5 6 7 4 7 7 B 8 6 5 3 6
 6 4 4 5 7 7 7 3 8 A C A 6 6 3 7 6 9 5 8 5 8 8 9 9 9 6 A 9 8 7 6 7 9 8 8 6 6 4 6 9 5 5 4 9 8 7 6 4 2 5 5 5 7 6 8 4 3 4 2 4 5 8 5 6 3 8 8 B 9 9 A 7 A A A 8 7 6 5 8 6 6 8 8 8 6 5 6 3 6 4 7 7 8 7 7 4 5 5
 6 7 8 3 6 7 9 5 6 6 8 8 4 8 6 6 3 8 5 A 3 8 5 8 6 7 6 9 9 9 4 3 4 8 8 B 6 7 4 5 4 5 4 5 6 8 6 6 6 5 5 3 8 8 8 9 6 6 5 2 5 4 6 7 5 6 5 6 4 8 9 B 7 8 7 B 9 7 5 4 7 5 8 5 6 8 6 4 3 5 4 3 2 4 7 5 3 4 4 3
